   63
G001532985  0.000000  0.302561  0.212541  0.192363  0.274273  0.225050
  0.177325  0.180513  0.212541  0.213366  0.231135  0.212541  0.212541
  0.203320  0.212541  0.167067  0.187677  0.193666  0.238185  0.190980
  0.224306  0.189381  0.187724  0.223894  0.274227  0.186919  0.185831
  0.212541  0.238960  0.187701  0.194435  0.212541  0.213366  0.166283
  0.180513  0.201679  0.203955  0.212541  0.216722  0.180513  0.207494
  0.186919  0.184702  0.225848  0.203320  0.279053  0.212541  0.224306
  0.193666  0.201679  0.000010  0.224306  0.212541  0.203320  0.180513
  0.186919  0.212541  0.196984  0.273341  0.180513  0.222587  0.213366
  0.231135
G001534515  0.302561  0.000000  0.317603  0.083215  0.406000  0.338909
  0.261413  0.303603  0.317603  0.318569  0.344542  0.317603  0.317603
  0.306358  0.317603  0.253128  0.091028  0.293850  0.351337  0.242094
  0.338072  0.240339  0.295133  0.337339  0.447662  0.296081  0.089419
  0.317603  0.352228  0.296991  0.292804  0.317603  0.318569  0.252223
  0.303603  0.285487  0.290269  0.317603  0.274260  0.303603  0.253107
  0.296081  0.276631  0.338007  0.306358  0.394518  0.317603  0.338072
  0.293850  0.285487  0.302561  0.338072  0.317603  0.306358  0.303603
  0.296081  0.317603  0.288211  0.448814  0.303603  0.394270  0.318569
  0.344542
G001533025  0.212541  0.317603  0.000000  0.206292  0.267506  0.235968
  0.195277  0.200087  0.000010  0.000627  0.234771  0.000010  0.000010
  0.006330  0.000010  0.191620  0.200665  0.183185  0.228239  0.205485
  0.235220  0.205503  0.208191  0.234787  0.322810  0.207378  0.198779
  0.000010  0.228997  0.208167  0.181074  0.000010  0.000627  0.190815
  0.200087  0.187384  0.204818  0.000010  0.230862  0.200087  0.225918
  0.207378  0.172092  0.236139  0.006330  0.288034  0.000010  0.235220
  0.183185  0.187384  0.212541  0.235220  0.000010  0.006330  0.200087
  0.207378  0.000010  0.197786  0.321867  0.200087  0.262333  0.000627
  0.234771
G001527585  0.192363  0.083215  0.206292  0.000000  0.284837  0.230553
  0.161908  0.195267  0.206292  0.207110  0.230192  0.206292  0.206292
  0.197168  0.206292  0.150695  0.006335  0.189087  0.237244  0.143451
  0.229805  0.141964  0.189872  0.229325  0.321381  0.189074  0.005057
  0.206292  0.238019  0.189373  0.185642  0.206292  0.207110  0.149933
  0.195267  0.179169  0.182357  0.206292  0.172020  0.195267  0.147303
  0.188600  0.169613  0.231356  0.196671  0.276548  0.206292  0.229805
  0.189087  0.179169  0.192363  0.229805  0.206292  0.197168  0.195267
  0.189074  0.206292  0.184657  0.320437  0.195267  0.276118  0.207110
  0.230192
G001533575  0.274273  0.406000  0.267506  0.284837  0.000000  0.211177
  0.253436  0.264062  0.267506  0.268380  0.131791  0.267506  0.267506
  0.277840  0.267506  0.249186  0.273951  0.261170  0.137738  0.265813
  0.210434  0.266849  0.273025  0.212931  0.181272  0.272147  0.272687
  0.267506  0.138451  0.276600  0.269690  0.267506  0.268380  0.248314
  0.264062  0.280685  0.274113  0.267506  0.281945  0.264062  0.304889
  0.275747  0.251524  0.211970  0.281482  0.150917  0.267506  0.210434
  0.261170  0.280685  0.274273  0.210434  0.267506  0.277840  0.264062
  0.272147  0.267506  0.259196  0.180455  0.264062  0.154040  0.268380
  0.131791
G001527665  0.225050  0.338909  0.235968  0.230553  0.211177  0.000000
  0.216381  0.244884  0.235968  0.236811  0.202149  0.235968  0.235968
  0.228146  0.235968  0.204044  0.222173  0.217060  0.207889  0.220909
  0.004383  0.220138  0.252839  0.006273  0.205583  0.251976  0.220214
  0.235968  0.208647  0.256355  0.211795  0.235968  0.236811  0.203225
  0.244884  0.222624  0.243498  0.235968  0.247939  0.244884  0.216167
  0.255517  0.205095  0.000625  0.231564  0.167104  0.235968  0.004383
  0.217060  0.222624  0.225050  0.004383  0.235968  0.228146  0.244884
  0.251976  0.235968  0.219530  0.204762  0.244884  0.188973  0.236811
  0.202149
G001527645  0.177325  0.261413  0.195277  0.161908  0.253436  0.216381
  0.000000  0.155189  0.195277  0.196076  0.204604  0.195277  0.195277
  0.204407  0.195277  0.138630  0.157524  0.164904  0.209669  0.155075
  0.215642  0.153562  0.161978  0.215192  0.289350  0.161210  0.155803
  0.195277  0.210419  0.161957  0.176493  0.195277  0.196076  0.137879
  0.155189  0.183522  0.168767  0.195277  0.178759  0.155189  0.196757
  0.161210  0.152360  0.215609  0.204407  0.255382  0.195277  0.215642
  0.164904  0.183522  0.177325  0.215642  0.195277  0.204407  0.155189
  0.161210  0.195277  0.149883  0.288442  0.155189  0.261828  0.196076
  0.204604
G001533235  0.180513  0.303603  0.200087  0.195267  0.264062  0.244884
  0.155189  0.000000  0.200087  0.200890  0.229422  0.200087  0.200087
  0.209293  0.200087  0.164189  0.189751  0.183503  0.236390  0.185748
  0.244130  0.184164  0.005683  0.243621  0.324807  0.005049  0.187906
  0.200087  0.237156  0.005682  0.201937  0.200087  0.200890  0.163411
  0.000010  0.208487  0.162987  0.200087  0.195228  0.000010  0.192992
  0.005049  0.161016  0.245697  0.209293  0.288462  0.200087  0.244130
  0.183503  0.208487  0.180513  0.244130  0.200087  0.209293  0.000010
  0.005049  0.200087  0.164537  0.323862  0.000010  0.295414  0.200890
  0.229422
G001532345  0.212541  0.317603  0.000010  0.206292  0.267506  0.235968
  0.195277  0.200087  0.000000  0.000627  0.234771  0.000010  0.000010
  0.006330  0.000010  0.191620  0.200665  0.183185  0.228239  0.205485
  0.235220  0.205503  0.208191  0.234787  0.322810  0.207378  0.198779
  0.000010  0.228997  0.208167  0.181074  0.000010  0.000627  0.190815
  0.200087  0.187384  0.204818  0.000010  0.230862  0.200087  0.225918
  0.207378  0.172092  0.236139  0.006330  0.288034  0.000010  0.235220
  0.183185  0.187384  0.212541  0.235220  0.000010  0.006330  0.200087
  0.207378  0.000010  0.197786  0.321867  0.200087  0.262333  0.000627
  0.234771
G001531405  0.213366  0.318569  0.000627  0.207110  0.268380  0.236811
  0.196076  0.200890  0.000627  0.000000  0.235602  0.000627  0.000627
  0.006967  0.000627  0.192418  0.201476  0.183973  0.229061  0.206302
  0.236062  0.206321  0.209005  0.235627  0.323753  0.208191  0.199586
  0.000627  0.229820  0.208981  0.181861  0.000627  0.000010  0.191612
  0.200890  0.188180  0.205633  0.000627  0.231741  0.200890  0.226764
  0.208191  0.172871  0.236983  0.006967  0.288933  0.000627  0.236062
  0.183973  0.188180  0.213366  0.236062  0.000627  0.006967  0.200890
  0.208191  0.000627  0.198584  0.322810  0.200890  0.263202  0.000010
  0.235602
G001526815  0.231135  0.344542  0.234771  0.230192  0.131791  0.202149
  0.204604  0.229422  0.234771  0.235602  0.000000  0.234771  0.234771
  0.244446  0.234771  0.214470  0.224423  0.227286  0.004418  0.218741
  0.201419  0.219684  0.237060  0.203865  0.206901  0.236227  0.223300
  0.234771  0.005050  0.237034  0.226680  0.234771  0.235602  0.213646
  0.229422  0.234245  0.220425  0.234771  0.249909  0.229422  0.244983
  0.236227  0.203758  0.202927  0.244446  0.176592  0.234771  0.201419
  0.227286  0.234245  0.231135  0.201419  0.234771  0.244446  0.229422
  0.236227  0.234771  0.217314  0.206071  0.229422  0.173140  0.235602
  0.000010
G001534385  0.212541  0.317603  0.000010  0.206292  0.267506  0.235968
  0.195277  0.200087  0.000010  0.000627  0.234771  0.000000  0.000010
  0.006330  0.000010  0.191620  0.200665  0.183185  0.228239  0.205485
  0.235220  0.205503  0.208191  0.234787  0.322810  0.207378  0.198779
  0.000010  0.228997  0.208167  0.181074  0.000010  0.000627  0.190815
  0.200087  0.187384  0.204818  0.000010  0.230862  0.200087  0.225918
  0.207378  0.172092  0.236139  0.006330  0.288034  0.000010  0.235220
  0.183185  0.187384  0.212541  0.235220  0.000010  0.006330  0.200087
  0.207378  0.000010  0.197786  0.321867  0.200087  0.262333  0.000627
  0.234771
G001534525  0.212541  0.317603  0.000010  0.206292  0.267506  0.235968
  0.195277  0.200087  0.000010  0.000627  0.234771  0.000010  0.000000
  0.006330  0.000010  0.191620  0.200665  0.183185  0.228239  0.205485
  0.235220  0.205503  0.208191  0.234787  0.322810  0.207378  0.198779
  0.000010  0.228997  0.208167  0.181074  0.000010  0.000627  0.190815
  0.200087  0.187384  0.204818  0.000010  0.230862  0.200087  0.225918
  0.207378  0.172092  0.236139  0.006330  0.288034  0.000010  0.235220
  0.183185  0.187384  0.212541  0.235220  0.000010  0.006330  0.200087
  0.207378  0.000010  0.197786  0.321867  0.200087  0.262333  0.000627
  0.234771
G001533905  0.203320  0.306358  0.006330  0.197168  0.277840  0.228146
  0.204407  0.209293  0.006330  0.006967  0.244446  0.006330  0.006330
  0.000000  0.006330  0.182774  0.191648  0.174482  0.237789  0.196369
  0.227404  0.196386  0.217557  0.226989  0.321874  0.216731  0.189801
  0.006330  0.238557  0.217532  0.172392  0.006330  0.006967  0.181982
  0.209293  0.178578  0.214187  0.006330  0.220957  0.209293  0.216406
  0.216731  0.180897  0.228312  0.000010  0.279497  0.006330  0.227404
  0.174482  0.178578  0.203320  0.227404  0.006330  0.000010  0.209293
  0.216731  0.006330  0.206930  0.320932  0.209293  0.254169  0.006967
  0.244446
G001532315  0.212541  0.317603  0.000010  0.206292  0.267506  0.235968
  0.195277  0.200087  0.000010  0.000627  0.234771  0.000010  0.000010
  0.006330  0.000000  0.191620  0.200665  0.183185  0.228239  0.205485
  0.235220  0.205503  0.208191  0.234787  0.322810  0.207378  0.198779
  0.000010  0.228997  0.208167  0.181074  0.000010  0.000627  0.190815
  0.200087  0.187384  0.204818  0.000010  0.230862  0.200087  0.225918
  0.207378  0.172092  0.236139  0.006330  0.288034  0.000010  0.235220
  0.183185  0.187384  0.212541  0.235220  0.000010  0.006330  0.200087
  0.207378  0.000010  0.197786  0.321867  0.200087  0.262333  0.000627
  0.234771
G001533485  0.167067  0.253128  0.191620  0.150695  0.249186  0.204044
  0.138630  0.164189  0.191620  0.192418  0.214470  0.191620  0.191620
  0.182774  0.191620  0.000000  0.145623  0.166638  0.221311  0.149996
  0.203313  0.148486  0.171877  0.202889  0.274576  0.171094  0.143942
  0.191620  0.222072  0.171855  0.169964  0.191620  0.192418  0.000627
  0.164189  0.176158  0.186915  0.191620  0.168858  0.164189  0.186057
  0.171094  0.144212  0.204822  0.182774  0.233426  0.191620  0.203313
  0.166638  0.176158  0.167067  0.203313  0.191620  0.182774  0.164189
  0.171094  0.191620  0.154110  0.273683  0.164189  0.243504  0.192418
  0.214470
G001532645  0.187677  0.091028  0.200665  0.006335  0.273951  0.222173
  0.157524  0.189751  0.200665  0.201476  0.224423  0.200665  0.200665
  0.191648  0.200665  0.145623  0.000000  0.184480  0.231387  0.150733
  0.221432  0.149227  0.197774  0.220970  0.309071  0.196966  0.001255
  0.200665  0.232157  0.197750  0.181053  0.200665  0.201476  0.144869
  0.189751  0.187358  0.190687  0.200665  0.166517  0.189751  0.155166
  0.196966  0.164309  0.222967  0.191648  0.265063  0.200665  0.221432
  0.184480  0.187358  0.187677  0.221432  0.200665  0.191648  0.189751
  0.196966  0.200665  0.176033  0.308141  0.189751  0.266321  0.201476
  0.224423
G001534295  0.193666  0.293850  0.183185  0.189087  0.261170  0.217060
  0.164904  0.183503  0.183185  0.183973  0.227286  0.183185  0.183185
  0.174482  0.183185  0.166638  0.184480  0.000000  0.233213  0.184720
  0.216326  0.183979  0.190619  0.215933  0.303505  0.189826  0.182665
  0.183185  0.233980  0.190596  0.165033  0.183185  0.183973  0.165862
  0.183503  0.171852  0.179361  0.183185  0.210463  0.183503  0.193444
  0.189826  0.171399  0.217844  0.174482  0.260714  0.183185  0.216326
  0.000010  0.171852  0.193666  0.216326  0.183185  0.174482  0.183503
  0.189826  0.183185  0.175285  0.302584  0.183503  0.256784  0.183973
  0.227286
G001529625  0.238185  0.351337  0.228239  0.237244  0.137738  0.207889
  0.209669  0.236390  0.228239  0.229061  0.004418  0.228239  0.228239
  0.237789  0.228239  0.221311  0.231387  0.233213  0.000000  0.225654
  0.207152  0.226612  0.244143  0.209623  0.213841  0.243300  0.230243
  0.228239  0.000626  0.244117  0.232618  0.228239  0.229061  0.220476
  0.236390  0.240281  0.227388  0.228239  0.257507  0.236390  0.252272
  0.243300  0.210464  0.208044  0.237789  0.183107  0.228239  0.207152
  0.233213  0.240281  0.238185  0.207152  0.228239  0.237789  0.236390
  0.243300  0.228239  0.224157  0.213001  0.236390  0.179609  0.229061
  0.004418
G001527305  0.190980  0.242094  0.205485  0.143451  0.265813  0.220909
  0.155075  0.185748  0.205485  0.206302  0.218741  0.205485  0.205485
  0.196369  0.205485  0.149996  0.150733  0.184720  0.225654  0.000000
  0.220166  0.001884  0.179848  0.219705  0.310610  0.179059  0.149028
  0.205485  0.226421  0.179826  0.198446  0.205485  0.206302  0.149232
  0.185748  0.191625  0.174878  0.205485  0.033122  0.185748  0.189275
  0.179059  0.169033  0.221705  0.196369  0.266454  0.205485  0.220166
  0.184720  0.191625  0.190980  0.220166  0.205485  0.196369  0.185748
  0.179059  0.205485  0.177954  0.309677  0.185748  0.268849  0.206302
  0.218741
G001533815  0.224306  0.338072  0.235220  0.229805  0.210434  0.004383
  0.215642  0.244130  0.235220  0.236062  0.201419  0.235220  0.235220
  0.227404  0.235220  0.203313  0.221432  0.216326  0.207152  0.220166
  0.000000  0.219395  0.252078  0.005645  0.204843  0.251215  0.219475
  0.235220  0.207911  0.255592  0.211061  0.235220  0.236062  0.202495
  0.244130  0.221882  0.242738  0.235220  0.247149  0.244130  0.215429
  0.254754  0.204358  0.005011  0.230821  0.166396  0.235220  0.000010
  0.216326  0.221882  0.224306  0.000010  0.235220  0.227404  0.244130
  0.251215  0.235220  0.218793  0.204023  0.244130  0.188245  0.236062
  0.201419
G001527265  0.189381  0.240339  0.205503  0.141964  0.266849  0.220138
  0.153562  0.184164  0.205503  0.206321  0.219684  0.205503  0.205503
  0.196386  0.205503  0.148486  0.149227  0.183979  0.226612  0.001884
  0.219395  0.000000  0.178278  0.218936  0.310641  0.177491  0.147527
  0.205503  0.227380  0.178256  0.196073  0.205503  0.206321  0.147723
  0.184164  0.189276  0.173302  0.205503  0.031056  0.184164  0.187677
  0.177491  0.166714  0.220934  0.196386  0.266479  0.205503  0.219395
  0.183979  0.189276  0.189381  0.219395  0.205503  0.196386  0.184164
  0.177491  0.205503  0.175633  0.309708  0.184164  0.268874  0.206321
  0.219684
G001529545  0.187724  0.295133  0.208191  0.189872  0.273025  0.252839
  0.161978  0.005683  0.208191  0.209005  0.237060  0.208191  0.208191
  0.217557  0.208191  0.171877  0.197774  0.190619  0.244143  0.179848
  0.252078  0.178278  0.000000  0.251550  0.332857  0.000627  0.195894
  0.208191  0.244918  0.001255  0.209340  0.208191  0.209005  0.171088
  0.005683  0.202398  0.157285  0.208191  0.203692  0.005683  0.186974
  0.000627  0.168662  0.253662  0.217557  0.297845  0.208191  0.252078
  0.190619  0.202398  0.187724  0.252078  0.208191  0.217557  0.005683
  0.000627  0.208191  0.172159  0.333826  0.005683  0.304004  0.209005
  0.237060
G001533705  0.223894  0.337339  0.234787  0.229325  0.212931  0.006273
  0.215192  0.243621  0.234787  0.235627  0.203865  0.234787  0.234787
  0.226989  0.234787  0.202889  0.220970  0.215933  0.209623  0.219705
  0.005645  0.218936  0.251550  0.000000  0.207323  0.250690  0.219018
  0.234787  0.210383  0.255057  0.210677  0.234787  0.235627  0.202072
  0.243621  0.221475  0.242285  0.234787  0.246610  0.243621  0.214980
  0.254221  0.203984  0.006902  0.230398  0.168733  0.234787  0.005645
  0.215933  0.221475  0.223894  0.005645  0.234787  0.226989  0.243621
  0.250690  0.234787  0.218338  0.206500  0.243621  0.190667  0.235627
  0.203865
G001533645  0.274227  0.447662  0.322810  0.321381  0.181272  0.205583
  0.289350  0.324807  0.322810  0.323753  0.206901  0.322810  0.322810
  0.321874  0.322810  0.274576  0.309071  0.303505  0.213841  0.310610
  0.204843  0.310641  0.332857  0.207323  0.000000  0.333826  0.308451
  0.322810  0.214618  0.338665  0.307163  0.322810  0.323753  0.273668
  0.324807  0.318872  0.322668  0.322810  0.347031  0.324807  0.307501
  0.337734  0.294794  0.206371  0.325725  0.042159  0.322810  0.204843
  0.303505  0.318872  0.274227  0.204843  0.322810  0.321874  0.324807
  0.333826  0.322810  0.301562  0.000634  0.324807  0.146555  0.323753
  0.206901
G001534285  0.186919  0.296081  0.207378  0.189074  0.272147  0.251976
  0.161210  0.005049  0.207378  0.208191  0.236227  0.207378  0.207378
  0.216731  0.207378  0.171094  0.196966  0.189826  0.243300  0.179059
  0.251215  0.177491  0.000627  0.250690  0.333826  0.000000  0.195089
  0.207378  0.244074  0.000627  0.208522  0.207378  0.208191  0.170306
  0.005049  0.201588  0.156519  0.207378  0.202841  0.005049  0.186171
  0.000010  0.167882  0.252799  0.216731  0.296933  0.207378  0.251215
  0.189826  0.201588  0.186919  0.251215  0.207378  0.216731  0.005049
  0.000010  0.207378  0.171384  0.332869  0.005049  0.303092  0.208191
  0.236227
G001533335  0.185831  0.089419  0.198779  0.005057  0.272687  0.220214
  0.155803  0.187906  0.198779  0.199586  0.223300  0.198779  0.198779
  0.189801  0.198779  0.143942  0.001255  0.182665  0.230243  0.149028
  0.219475  0.147527  0.195894  0.219018  0.308451  0.195089  0.000000
  0.198779  0.231011  0.195871  0.179246  0.198779  0.199586  0.143191
  0.187906  0.185523  0.188819  0.198779  0.164686  0.187906  0.153408
  0.195089  0.162545  0.221005  0.189801  0.264541  0.198779  0.219475
  0.182665  0.185523  0.185831  0.219475  0.198779  0.189801  0.187906
  0.195089  0.198779  0.174240  0.307523  0.187906  0.265085  0.199586
  0.223300
G001534035  0.212541  0.317603  0.000010  0.206292  0.267506  0.235968
  0.195277  0.200087  0.000010  0.000627  0.234771  0.000010  0.000010
  0.006330  0.000010  0.191620  0.200665  0.183185  0.228239  0.205485
  0.235220  0.205503  0.208191  0.234787  0.322810  0.207378  0.198779
  0.000000  0.228997  0.208167  0.181074  0.000010  0.000627  0.190815
  0.200087  0.187384  0.204818  0.000010  0.230862  0.200087  0.225918
  0.207378  0.172092  0.236139  0.006330  0.288034  0.000010  0.235220
  0.183185  0.187384  0.212541  0.235220  0.000010  0.006330  0.200087
  0.207378  0.000010  0.197786  0.321867  0.200087  0.262333  0.000627
  0.234771
G001533075  0.238960  0.352228  0.228997  0.238019  0.138451  0.208647
  0.210419  0.237156  0.228997  0.229820  0.005050  0.228997  0.228997
  0.238557  0.228997  0.222072  0.232157  0.233980  0.000626  0.226421
  0.207911  0.227380  0.244918  0.210383  0.214618  0.244074  0.231011
  0.228997  0.000000  0.244892  0.233387  0.228997  0.229820  0.221237
  0.237156  0.241058  0.228160  0.228997  0.257507  0.237156  0.253065
  0.244074  0.211217  0.208803  0.238557  0.183857  0.228997  0.207911
  0.233980  0.241058  0.238960  0.207911  0.228997  0.238557  0.237156
  0.244074  0.228997  0.224917  0.213778  0.237156  0.180355  0.229820
  0.005050
G001529505  0.187701  0.296991  0.208167  0.189373  0.276600  0.256355
  0.161957  0.005682  0.208167  0.208981  0.237034  0.208167  0.208167
  0.217532  0.208167  0.171855  0.197750  0.190596  0.244117  0.179826
  0.255592  0.178256  0.001255  0.255057  0.338665  0.000627  0.195871
  0.208167  0.244892  0.000000  0.209315  0.208167  0.208981  0.171066
  0.005682  0.201863  0.156879  0.208167  0.203667  0.005682  0.186479
  0.000626  0.168641  0.257181  0.216976  0.301550  0.208167  0.255592
  0.190596  0.201863  0.187701  0.255592  0.208167  0.217532  0.005682
  0.000627  0.208167  0.175331  0.337704  0.005682  0.307712  0.208981
  0.237034
G001534505  0.194435  0.292804  0.181074  0.185642  0.269690  0.211795
  0.176493  0.201937  0.181074  0.181861  0.226680  0.181074  0.181074
  0.172392  0.181074  0.169964  0.181053  0.165033  0.232618  0.198446
  0.211061  0.196073  0.209340  0.210677  0.307163  0.208522  0.179246
  0.181074  0.233387  0.209315  0.000000  0.181074  0.181861  0.169181
  0.201937  0.005054  0.188024  0.181074  0.220966  0.201937  0.199752
  0.208522  0.177055  0.212578  0.172392  0.264068  0.181074  0.211061
  0.165033  0.005054  0.194435  0.211061  0.181074  0.172392  0.201937
  0.208522  0.181074  0.179323  0.306237  0.201937  0.250069  0.181861
  0.226680
G001534015  0.212541  0.317603  0.000010  0.206292  0.267506  0.235968
  0.195277  0.200087  0.000010  0.000627  0.234771  0.000010  0.000010
  0.006330  0.000010  0.191620  0.200665  0.183185  0.228239  0.205485
  0.235220  0.205503  0.208191  0.234787  0.322810  0.207378  0.198779
  0.000010  0.228997  0.208167  0.181074  0.000000  0.000627  0.190815
  0.200087  0.187384  0.204818  0.000010  0.230862  0.200087  0.225918
  0.207378  0.172092  0.236139  0.006330  0.288034  0.000010  0.235220
  0.183185  0.187384  0.212541  0.235220  0.000010  0.006330  0.200087
  0.207378  0.000010  0.197786  0.321867  0.200087  0.262333  0.000627
  0.234771
G001531065  0.213366  0.318569  0.000627  0.207110  0.268380  0.236811
  0.196076  0.200890  0.000627  0.000010  0.235602  0.000627  0.000627
  0.006967  0.000627  0.192418  0.201476  0.183973  0.229061  0.206302
  0.236062  0.206321  0.209005  0.235627  0.323753  0.208191  0.199586
  0.000627  0.229820  0.208981  0.181861  0.000627  0.000000  0.191612
  0.200890  0.188180  0.205633  0.000627  0.231741  0.200890  0.226764
  0.208191  0.172871  0.236983  0.006967  0.288933  0.000627  0.236062
  0.183973  0.188180  0.213366  0.236062  0.000627  0.006967  0.200890
  0.208191  0.000627  0.198584  0.322810  0.200890  0.263202  0.000010
  0.235602
G001532995  0.166283  0.252223  0.190815  0.149933  0.248314  0.203225
  0.137879  0.163411  0.190815  0.191612  0.213646  0.190815  0.190815
  0.181982  0.190815  0.000627  0.144869  0.165862  0.220476  0.149232
  0.202495  0.147723  0.171088  0.202072  0.273668  0.170306  0.143191
  0.190815  0.221237  0.171066  0.169181  0.190815  0.191612  0.000000
  0.163411  0.175366  0.186103  0.190815  0.168042  0.163411  0.185245
  0.170306  0.143448  0.204002  0.181982  0.232575  0.190815  0.202495
  0.165862  0.175366  0.166283  0.202495  0.190815  0.181982  0.163411
  0.170306  0.190815  0.153343  0.272776  0.163411  0.242643  0.191612
  0.213646
G001533115  0.180513  0.303603  0.200087  0.195267  0.264062  0.244884
  0.155189  0.000010  0.200087  0.200890  0.229422  0.200087  0.200087
  0.209293  0.200087  0.164189  0.189751  0.183503  0.236390  0.185748
  0.244130  0.184164  0.005683  0.243621  0.324807  0.005049  0.187906
  0.200087  0.237156  0.005682  0.201937  0.200087  0.200890  0.163411
  0.000000  0.208487  0.162987  0.200087  0.195228  0.000010  0.192992
  0.005049  0.161016  0.245697  0.209293  0.288462  0.200087  0.244130
  0.183503  0.208487  0.180513  0.244130  0.200087  0.209293  0.000010
  0.005049  0.200087  0.164537  0.323862  0.000010  0.295414  0.200890
  0.229422
G001527825  0.201679  0.285487  0.187384  0.179169  0.280685  0.222624
  0.183522  0.208487  0.187384  0.188180  0.234245  0.187384  0.187384
  0.178578  0.187384  0.176158  0.187358  0.171852  0.240281  0.191625
  0.221882  0.189276  0.202398  0.221475  0.318872  0.201588  0.185523
  0.187384  0.241058  0.201863  0.005054  0.187384  0.188180  0.175366
  0.208487  0.000000  0.180803  0.187384  0.228023  0.208487  0.192358
  0.201079  0.183336  0.223419  0.178136  0.274953  0.187384  0.221882
  0.171852  0.000010  0.201679  0.221882  0.187384  0.178578  0.208487
  0.201588  0.187384  0.188869  0.317931  0.208487  0.261506  0.188180
  0.234245
G001527725  0.203955  0.290269  0.204818  0.182357  0.274113  0.243498
  0.168767  0.162987  0.204818  0.205633  0.220425  0.204818  0.204818
  0.214187  0.204818  0.186915  0.190687  0.179361  0.227388  0.174878
  0.242738  0.173302  0.157285  0.242285  0.322668  0.156519  0.188819
  0.204818  0.228160  0.156879  0.188024  0.204818  0.205633  0.186103
  0.162987  0.180803  0.000000  0.204818  0.213362  0.162987  0.180313
  0.156135  0.145876  0.244318  0.213638  0.285124  0.204818  0.242738
  0.179361  0.180803  0.203955  0.242738  0.204818  0.214187  0.162987
  0.156519  0.204818  0.154867  0.321715  0.162987  0.276464  0.205633
  0.220425
G001533605  0.212541  0.317603  0.000010  0.206292  0.267506  0.235968
  0.195277  0.200087  0.000010  0.000627  0.234771  0.000010  0.000010
  0.006330  0.000010  0.191620  0.200665  0.183185  0.228239  0.205485
  0.235220  0.205503  0.208191  0.234787  0.322810  0.207378  0.198779
  0.000010  0.228997  0.208167  0.181074  0.000010  0.000627  0.190815
  0.200087  0.187384  0.204818  0.000000  0.230862  0.200087  0.225918
  0.207378  0.172092  0.236139  0.006330  0.288034  0.000010  0.235220
  0.183185  0.187384  0.212541  0.235220  0.000010  0.006330  0.200087
  0.207378  0.000010  0.197786  0.321867  0.200087  0.262333  0.000627
  0.234771
G001527285  0.216722  0.274260  0.230862  0.172020  0.281945  0.247939
  0.178759  0.195228  0.230862  0.231741  0.249909  0.230862  0.230862
  0.220957  0.230862  0.168858  0.166517  0.210463  0.257507  0.033122
  0.247149  0.031056  0.203692  0.246610  0.347031  0.202841  0.164686
  0.230862  0.257507  0.203667  0.220966  0.230862  0.231741  0.168042
  0.195228  0.228023  0.213362  0.230862  0.000000  0.195228  0.226032
  0.202841  0.195779  0.248792  0.220957  0.298803  0.230862  0.247149
  0.210463  0.228023  0.216722  0.247149  0.230862  0.220957  0.195228
  0.202841  0.230862  0.203444  0.346020  0.195228  0.303300  0.231741
  0.249909
G001526825  0.180513  0.303603  0.200087  0.195267  0.264062  0.244884
  0.155189  0.000010  0.200087  0.200890  0.229422  0.200087  0.200087
  0.209293  0.200087  0.164189  0.189751  0.183503  0.236390  0.185748
  0.244130  0.184164  0.005683  0.243621  0.324807  0.005049  0.187906
  0.200087  0.237156  0.005682  0.201937  0.200087  0.200890  0.163411
  0.000010  0.208487  0.162987  0.200087  0.195228  0.000000  0.192992
  0.005049  0.161016  0.245697  0.209293  0.288462  0.200087  0.244130
  0.183503  0.208487  0.180513  0.244130  0.200087  0.209293  0.000010
  0.005049  0.200087  0.164537  0.323862  0.000010  0.295414  0.200890
  0.229422
G001527805  0.207494  0.253107  0.225918  0.147303  0.304889  0.216167
  0.196757  0.192992  0.225918  0.226764  0.244983  0.225918  0.225918
  0.216406  0.225918  0.186057  0.155166  0.193444  0.252272  0.189275
  0.215429  0.187677  0.186974  0.214980  0.307501  0.186171  0.153408
  0.225918  0.253065  0.186479  0.199752  0.225918  0.226764  0.185245
  0.192992  0.192358  0.180313  0.225918  0.226032  0.192992  0.000000
  0.185701  0.209807  0.216955  0.215849  0.263547  0.225918  0.215429
  0.193444  0.192358  0.207494  0.215429  0.225918  0.216406  0.192992
  0.186171  0.225918  0.197909  0.306571  0.192992  0.293779  0.226764
  0.244983
G001533205  0.186919  0.296081  0.207378  0.188600  0.275747  0.255517
  0.161210  0.005049  0.207378  0.208191  0.236227  0.207378  0.207378
  0.216731  0.207378  0.171094  0.196966  0.189826  0.243300  0.179059
  0.254754  0.177491  0.000627  0.254221  0.337734  0.000010  0.195089
  0.207378  0.244074  0.000626  0.208522  0.207378  0.208191  0.170306
  0.005049  0.201079  0.156135  0.207378  0.202841  0.005049  0.185701
  0.000000  0.167882  0.256342  0.216178  0.300664  0.207378  0.254754
  0.189826  0.201079  0.186919  0.254754  0.207378  0.216731  0.005049
  0.000010  0.207378  0.174574  0.336774  0.005049  0.306826  0.208191
  0.236227
G001530645  0.184702  0.276631  0.172092  0.169613  0.251524  0.205095
  0.152360  0.161016  0.172092  0.172871  0.203758  0.172092  0.172092
  0.180897  0.172092  0.144212  0.164309  0.171399  0.210464  0.169033
  0.204358  0.166714  0.168662  0.203984  0.294794  0.167882  0.162545
  0.172092  0.211217  0.168641  0.177055  0.172092  0.172871  0.143448
  0.161016  0.183336  0.145876  0.172092  0.195779  0.161016  0.209807
  0.167882  0.000000  0.205879  0.180897  0.259626  0.172092  0.204358
  0.171399  0.183336  0.184702  0.204358  0.172092  0.180897  0.161016
  0.167882  0.172092  0.142388  0.293877  0.161016  0.253480  0.172871
  0.203758
G001523185  0.225848  0.338007  0.236139  0.231356  0.211970  0.000625
  0.215609  0.245697  0.236139  0.236983  0.202927  0.236139  0.236139
  0.228312  0.236139  0.204822  0.222967  0.217844  0.208044  0.221705
  0.005011  0.220934  0.253662  0.006902  0.206371  0.252799  0.221005
  0.236139  0.208803  0.257181  0.212578  0.236139  0.236983  0.204002
  0.245697  0.223419  0.244318  0.236139  0.248792  0.245697  0.216955
  0.256342  0.205879  0.000000  0.231732  0.167850  0.236139  0.005011
  0.217844  0.223419  0.225848  0.005011  0.236139  0.228312  0.245697
  0.252799  0.236139  0.220319  0.205549  0.245697  0.189743  0.236983
  0.202927
G001533885  0.203320  0.306358  0.006330  0.196671  0.281482  0.231564
  0.204407  0.209293  0.006330  0.006967  0.244446  0.006330  0.006330
  0.000010  0.006330  0.182774  0.191648  0.174482  0.237789  0.196369
  0.230821  0.196386  0.217557  0.230398  0.325725  0.216731  0.189801
  0.006330  0.238557  0.216976  0.172392  0.006330  0.006967  0.181982
  0.209293  0.178136  0.213638  0.006330  0.220957  0.209293  0.215849
  0.216178  0.180897  0.231732  0.000000  0.283134  0.006330  0.230821
  0.174482  0.178136  0.203320  0.230821  0.006330  0.000010  0.209293
  0.216731  0.006330  0.210266  0.324780  0.209293  0.257690  0.006967
  0.244446
G001533985  0.279053  0.394518  0.288034  0.276548  0.150917  0.167104
  0.255382  0.288462  0.288034  0.288933  0.176592  0.288034  0.288034
  0.279497  0.288034  0.233426  0.265063  0.260714  0.183107  0.266454
  0.166396  0.266479  0.297845  0.168733  0.042159  0.296933  0.264541
  0.288034  0.183857  0.301550  0.264068  0.288034  0.288933  0.232575
  0.288462  0.274953  0.285124  0.288034  0.298803  0.288462  0.263547
  0.300664  0.259626  0.167850  0.283134  0.000000  0.288034  0.166396
  0.260714  0.274953  0.279053  0.166396  0.288034  0.279497  0.288462
  0.296933  0.288034  0.266348  0.041480  0.288462  0.150087  0.288933
  0.176592
G001530605  0.212541  0.317603  0.000010  0.206292  0.267506  0.235968
  0.195277  0.200087  0.000010  0.000627  0.234771  0.000010  0.000010
  0.006330  0.000010  0.191620  0.200665  0.183185  0.228239  0.205485
  0.235220  0.205503  0.208191  0.234787  0.322810  0.207378  0.198779
  0.000010  0.228997  0.208167  0.181074  0.000010  0.000627  0.190815
  0.200087  0.187384  0.204818  0.000010  0.230862  0.200087  0.225918
  0.207378  0.172092  0.236139  0.006330  0.288034  0.000000  0.235220
  0.183185  0.187384  0.212541  0.235220  0.000010  0.006330  0.200087
  0.207378  0.000010  0.197786  0.321867  0.200087  0.262333  0.000627
  0.234771
G001533845  0.224306  0.338072  0.235220  0.229805  0.210434  0.004383
  0.215642  0.244130  0.235220  0.236062  0.201419  0.235220  0.235220
  0.227404  0.235220  0.203313  0.221432  0.216326  0.207152  0.220166
  0.000010  0.219395  0.252078  0.005645  0.204843  0.251215  0.219475
  0.235220  0.207911  0.255592  0.211061  0.235220  0.236062  0.202495
  0.244130  0.221882  0.242738  0.235220  0.247149  0.244130  0.215429
  0.254754  0.204358  0.005011  0.230821  0.166396  0.235220  0.000000
  0.216326  0.221882  0.224306  0.000010  0.235220  0.227404  0.244130
  0.251215  0.235220  0.218793  0.204023  0.244130  0.188245  0.236062
  0.201419
G001534185  0.193666  0.293850  0.183185  0.189087  0.261170  0.217060
  0.164904  0.183503  0.183185  0.183973  0.227286  0.183185  0.183185
  0.174482  0.183185  0.166638  0.184480  0.000010  0.233213  0.184720
  0.216326  0.183979  0.190619  0.215933  0.303505  0.189826  0.182665
  0.183185  0.233980  0.190596  0.165033  0.183185  0.183973  0.165862
  0.183503  0.171852  0.179361  0.183185  0.210463  0.183503  0.193444
  0.189826  0.171399  0.217844  0.174482  0.260714  0.183185  0.216326
  0.000000  0.171852  0.193666  0.216326  0.183185  0.174482  0.183503
  0.189826  0.183185  0.175285  0.302584  0.183503  0.256784  0.183973
  0.227286
G001534305  0.201679  0.285487  0.187384  0.179169  0.280685  0.222624
  0.183522  0.208487  0.187384  0.188180  0.234245  0.187384  0.187384
  0.178578  0.187384  0.176158  0.187358  0.171852  0.240281  0.191625
  0.221882  0.189276  0.202398  0.221475  0.318872  0.201588  0.185523
  0.187384  0.241058  0.201863  0.005054  0.187384  0.188180  0.175366
  0.208487  0.000010  0.180803  0.187384  0.228023  0.208487  0.192358
  0.201079  0.183336  0.223419  0.178136  0.274953  0.187384  0.221882
  0.171852  0.000000  0.201679  0.221882  0.187384  0.178578  0.208487
  0.201588  0.187384  0.188869  0.317931  0.208487  0.261506  0.188180
  0.234245
G001532925  0.000010  0.302561  0.212541  0.192363  0.274273  0.225050
  0.177325  0.180513  0.212541  0.213366  0.231135  0.212541  0.212541
  0.203320  0.212541  0.167067  0.187677  0.193666  0.238185  0.190980
  0.224306  0.189381  0.187724  0.223894  0.274227  0.186919  0.185831
  0.212541  0.238960  0.187701  0.194435  0.212541  0.213366  0.166283
  0.180513  0.201679  0.203955  0.212541  0.216722  0.180513  0.207494
  0.186919  0.184702  0.225848  0.203320  0.279053  0.212541  0.224306
  0.193666  0.201679  0.000000  0.224306  0.212541  0.203320  0.180513
  0.186919  0.212541  0.196984  0.273341  0.180513  0.222587  0.213366
  0.231135
G001533495  0.224306  0.338072  0.235220  0.229805  0.210434  0.004383
  0.215642  0.244130  0.235220  0.236062  0.201419  0.235220  0.235220
  0.227404  0.235220  0.203313  0.221432  0.216326  0.207152  0.220166
  0.000010  0.219395  0.252078  0.005645  0.204843  0.251215  0.219475
  0.235220  0.207911  0.255592  0.211061  0.235220  0.236062  0.202495
  0.244130  0.221882  0.242738  0.235220  0.247149  0.244130  0.215429
  0.254754  0.204358  0.005011  0.230821  0.166396  0.235220  0.000010
  0.216326  0.221882  0.224306  0.000000  0.235220  0.227404  0.244130
  0.251215  0.235220  0.218793  0.204023  0.244130  0.188245  0.236062
  0.201419
G001532905  0.212541  0.317603  0.000010  0.206292  0.267506  0.235968
  0.195277  0.200087  0.000010  0.000627  0.234771  0.000010  0.000010
  0.006330  0.000010  0.191620  0.200665  0.183185  0.228239  0.205485
  0.235220  0.205503  0.208191  0.234787  0.322810  0.207378  0.198779
  0.000010  0.228997  0.208167  0.181074  0.000010  0.000627  0.190815
  0.200087  0.187384  0.204818  0.000010  0.230862  0.200087  0.225918
  0.207378  0.172092  0.236139  0.006330  0.288034  0.000010  0.235220
  0.183185  0.187384  0.212541  0.235220  0.000000  0.006330  0.200087
  0.207378  0.000010  0.197786  0.321867  0.200087  0.262333  0.000627
  0.234771
G001533925  0.203320  0.306358  0.006330  0.197168  0.277840  0.228146
  0.204407  0.209293  0.006330  0.006967  0.244446  0.006330  0.006330
  0.000010  0.006330  0.182774  0.191648  0.174482  0.237789  0.196369
  0.227404  0.196386  0.217557  0.226989  0.321874  0.216731  0.189801
  0.006330  0.238557  0.217532  0.172392  0.006330  0.006967  0.181982
  0.209293  0.178578  0.214187  0.006330  0.220957  0.209293  0.216406
  0.216731  0.180897  0.228312  0.000010  0.279497  0.006330  0.227404
  0.174482  0.178578  0.203320  0.227404  0.006330  0.000000  0.209293
  0.216731  0.006330  0.206930  0.320932  0.209293  0.254169  0.006967
  0.244446
G001528085  0.180513  0.303603  0.200087  0.195267  0.264062  0.244884
  0.155189  0.000010  0.200087  0.200890  0.229422  0.200087  0.200087
  0.209293  0.200087  0.164189  0.189751  0.183503  0.236390  0.185748
  0.244130  0.184164  0.005683  0.243621  0.324807  0.005049  0.187906
  0.200087  0.237156  0.005682  0.201937  0.200087  0.200890  0.163411
  0.000010  0.208487  0.162987  0.200087  0.195228  0.000010  0.192992
  0.005049  0.161016  0.245697  0.209293  0.288462  0.200087  0.244130
  0.183503  0.208487  0.180513  0.244130  0.200087  0.209293  0.000000
  0.005049  0.200087  0.164537  0.323862  0.000010  0.295414  0.200890
  0.229422
G001530395  0.186919  0.296081  0.207378  0.189074  0.272147  0.251976
  0.161210  0.005049  0.207378  0.208191  0.236227  0.207378  0.207378
  0.216731  0.207378  0.171094  0.196966  0.189826  0.243300  0.179059
  0.251215  0.177491  0.000627  0.250690  0.333826  0.000010  0.195089
  0.207378  0.244074  0.000627  0.208522  0.207378  0.208191  0.170306
  0.005049  0.201588  0.156519  0.207378  0.202841  0.005049  0.186171
  0.000010  0.167882  0.252799  0.216731  0.296933  0.207378  0.251215
  0.189826  0.201588  0.186919  0.251215  0.207378  0.216731  0.005049
  0.000000  0.207378  0.171384  0.332869  0.005049  0.303092  0.208191
  0.236227
G001534205  0.212541  0.317603  0.000010  0.206292  0.267506  0.235968
  0.195277  0.200087  0.000010  0.000627  0.234771  0.000010  0.000010
  0.006330  0.000010  0.191620  0.200665  0.183185  0.228239  0.205485
  0.235220  0.205503  0.208191  0.234787  0.322810  0.207378  0.198779
  0.000010  0.228997  0.208167  0.181074  0.000010  0.000627  0.190815
  0.200087  0.187384  0.204818  0.000010  0.230862  0.200087  0.225918
  0.207378  0.172092  0.236139  0.006330  0.288034  0.000010  0.235220
  0.183185  0.187384  0.212541  0.235220  0.000010  0.006330  0.200087
  0.207378  0.000000  0.197786  0.321867  0.200087  0.262333  0.000627
  0.234771
G001527545  0.196984  0.288211  0.197786  0.184657  0.259196  0.219530
  0.149883  0.164537  0.197786  0.198584  0.217314  0.197786  0.197786
  0.206930  0.197786  0.154110  0.176033  0.175285  0.224157  0.177954
  0.218793  0.175633  0.172159  0.218338  0.301562  0.171384  0.174240
  0.197786  0.224917  0.175331  0.179323  0.197786  0.198584  0.153343
  0.164537  0.188869  0.154867  0.197786  0.203444  0.164537  0.197909
  0.174574  0.142388  0.220319  0.210266  0.266348  0.197786  0.218793
  0.175285  0.188869  0.196984  0.218793  0.197786  0.206930  0.164537
  0.171384  0.197786  0.000000  0.300645  0.164537  0.257489  0.198584
  0.217314
G001534225  0.273341  0.448814  0.321867  0.320437  0.180455  0.204762
  0.288442  0.323862  0.321867  0.322810  0.206071  0.321867  0.321867
  0.320932  0.321867  0.273683  0.308141  0.302584  0.213001  0.309677
  0.204023  0.309708  0.333826  0.206500  0.000634  0.332869  0.307523
  0.321867  0.213778  0.337704  0.306237  0.321867  0.322810  0.272776
  0.323862  0.317931  0.321715  0.321867  0.346020  0.323862  0.306571
  0.336774  0.293877  0.205549  0.324780  0.041480  0.321867  0.204023
  0.302584  0.317931  0.273341  0.204023  0.321867  0.320932  0.323862
  0.332869  0.321867  0.300645  0.000000  0.323862  0.145782  0.322810
  0.206071
G001533065  0.180513  0.303603  0.200087  0.195267  0.264062  0.244884
  0.155189  0.000010  0.200087  0.200890  0.229422  0.200087  0.200087
  0.209293  0.200087  0.164189  0.189751  0.183503  0.236390  0.185748
  0.244130  0.184164  0.005683  0.243621  0.324807  0.005049  0.187906
  0.200087  0.237156  0.005682  0.201937  0.200087  0.200890  0.163411
  0.000010  0.208487  0.162987  0.200087  0.195228  0.000010  0.192992
  0.005049  0.161016  0.245697  0.209293  0.288462  0.200087  0.244130
  0.183503  0.208487  0.180513  0.244130  0.200087  0.209293  0.000010
  0.005049  0.200087  0.164537  0.323862  0.000000  0.295414  0.200890
  0.229422
G001523845  0.222587  0.394270  0.262333  0.276118  0.154040  0.188973
  0.261828  0.295414  0.262333  0.263202  0.173140  0.262333  0.262333
  0.254169  0.262333  0.243504  0.266321  0.256784  0.179609  0.268849
  0.188245  0.268874  0.304004  0.190667  0.146555  0.303092  0.265085
  0.262333  0.180355  0.307712  0.250069  0.262333  0.263202  0.242643
  0.295414  0.261506  0.276464  0.262333  0.303300  0.295414  0.293779
  0.306826  0.253480  0.189743  0.257690  0.150087  0.262333  0.188245
  0.256784  0.261506  0.222587  0.188245  0.262333  0.254169  0.295414
  0.303092  0.262333  0.257489  0.145782  0.295414  0.000000  0.263202
  0.173140
G001531025  0.213366  0.318569  0.000627  0.207110  0.268380  0.236811
  0.196076  0.200890  0.000627  0.000010  0.235602  0.000627  0.000627
  0.006967  0.000627  0.192418  0.201476  0.183973  0.229061  0.206302
  0.236062  0.206321  0.209005  0.235627  0.323753  0.208191  0.199586
